9 10
14 11
22 11
30 11
36 13
41 15
47 17
56 21
65 24
75 28
84 32
92 36
100 38
102 38
104 40
105 40
106 41
107 42
108 42
110 43
111 44
112 45
115 46
119 48
122 52
125 54
125 56
126 58
126 61
128 65
128 68
128 73
128 76
128 79
128 84
128 88
126 91
125 93
123 94
122 94
121 95
120 95
117 97
113 97
108 97
107 97
102 97
100 95
97 93
95 91
95 81
95 73
95 64
95 58
97 55
101 51
102 50
103 48
104 48
107 48
114 48
122 52
132 55
142 60
153 67
164 74
173 80
181 88
182 93
182 104
182 112
182 120
180 127
175 132
170 140
163 145
159 147
156 149
154 149
153 149
151 149
148 149
145 149
140 148
137 147
135 146
134 145
130 143
127 141
126 140
125 140
120 137
119 136
119 135
119 132
119 128
119 126
119 124
119 123
122 122
125 122
127 122
131 124
138 130
146 133
152 137
153 143
158 147
158 153
160 157
160 162
160 165
160 168
160 169
160 171
159 171
158 172
156 172
154 173
152 174
147 174
144 174
139 174
136 174
134 174
132 173
131 173
130 172
128 171
130 171
131 171
135 171
138 172
143 175
146 175
148 177
150 178
152 178
152 177
152 176
